       227     55.8450
  1         a5D 25       0.000  4  0       1.316  2.0  2.5  0    IONIC1   0.775
  2         a5D 25       0.000  4  0       1.241  2.0  1.5  0    IONIC3  -0.632
  3         a5F 35    7057.000  4  0       1.372  2.0  1.5  0    IONIC2   1.000
  4         a3F 21   12004.000  4  0       1.434  1.0  1.5  0    IONIC2   1.000
  5         a5P 15   17282.000  4  0       1.361  2.0  1.5  0    IONIC4   1.000
  6        a3P2  9   18378.000  4  0       1.245  1.0  0.5  0   IONIC14  -0.577
  7        a3P2  9   18551.000  4  0       1.291  1.0  1.5  0    IONIC9   0.816
  8         a3H 33   19173.000  4  0       1.291  1.0  1.5  0   IONIC10   0.816
  9         a3H 33   19173.000  4  0       1.252  1.0  0.5  0   IONIC15  -0.577
 10        z7Do 35   19221.000  4  1       1.577  3.0  2.5  0    IONIC1   1.000
 11        b3F2 21   20411.000  4  0       1.290  1.0  1.5  0   IONIC11   0.816
 12        b3F2 21   20411.000  4  0       1.252  1.0  0.5  0   IONIC16  -0.577
 13         a3G 27   21546.000  4  0       1.382  1.0  0.5  0    IONIC5   1.000
 14         b3P  9   22495.000  4  0       1.425  1.0  1.5  0    IONIC4   1.000
 15        z7Fo 49   22525.000  4  1       1.639  3.0  2.5  0    IONIC1   1.000
 16         b3G 27   23636.000  4  0       1.299  1.0  1.5  0   IONIC13   0.816
 17         b3G 27   23636.000  4  0       1.253  1.0  0.5  0   IONIC17  -0.577
 18        z7Po 21   23654.000  4  1       1.663  3.0  2.5  0    IONIC1   1.000
 19         c3P  9   24162.000  4  0       1.384  1.0  0.5  0    IONIC6   1.000
 20         a1G  9   24172.000  4  0       1.414  0.0  0.5  0    IONIC5   1.000
 21        z5Do 25   25748.000  4  1       1.708  2.0  2.5  0    IONIC1   0.707
 22        z5Do 25   25748.000  4  1       1.553  2.0  1.5  0    IONIC3  -0.707
 23         b3H 33   25927.000  4  0       1.381  1.0  0.5  0    IONIC7   1.000
 24         a3D 15   25991.000  4  0       1.378  1.0  0.5  0    IONIC8   1.000
 25        z5Fo 35   26817.000  4  1       1.733  2.0  2.5  0    IONIC1   0.707
 26        z5Fo 35   26817.000  4  1       1.571  2.0  1.5  0    IONIC3  -0.707
 27         a1P  3   27140.000  4  0       1.421  0.0  0.5  0    IONIC6   1.000
 28         a1D  5   28202.000  4  0       1.405  0.0  0.5  0    IONIC8   1.000
 29         a1H 11   28417.000  4  0       1.411  0.0  0.5  0    IONIC7   1.000
 30         a1I 13   28910.000  4  0       1.280  0.0  0.5  0   IONIC20   1.000
 31        z5Po 15   28926.000  4  1       1.785  2.0  2.5  0    IONIC1   0.707
 32        z5Po 15   28926.000  4  1       1.610  2.0  1.5  0    IONIC3  -0.707
 33         b3D 15   28953.000  4  0       1.611  1.0  1.5  0    IONIC3   0.707
 34         b3D 15   28953.000  4  0       1.295  1.0  1.5  0   IONIC18  -0.707
 35        b1G2  9   29396.000  4  0       1.308  0.0  0.5  0   IONIC17   1.000
 36        z3Do 15   31164.000  4  1       1.654  1.0  1.5  0    IONIC3   1.000
 37        z3Fo 21   31267.000  4  1       1.656  1.0  1.5  0    IONIC3   1.000
 38         c3F 21   32863.000  3  2       1.472  1.0  0.5  0    IONIC7   0.443
 39         c3F 21   32863.000  3  2       1.542  1.0  0.5  0    IONIC5   0.401
 40         c3F 21   32863.000  3  2       1.838  1.0  1.5  0    IONIC2   0.632
 41         c3F 21   32863.000  3  2       1.330  1.0  0.5  0   IONIC19  -0.148
 42         c3F 21   32863.000  3  2       1.468  1.0  0.5  0    IONIC8   0.164
 43         c3F 21   32863.000  3  2       1.186  1.0  0.5  0   IONIC25  -0.250
 44         c3F 21   32863.000  3  2       1.585  1.0  1.5  0    IONIC4  -0.316
 45         c3F 21   32863.000  3  2       1.502  1.0  0.5  0    IONIC6   0.169
 46        y5Do 25   33101.000  4  1       1.845  2.0  1.5  0    IONIC2   1.000
 47        y5Fo 35   33715.000  4  1       1.862  2.0  1.5  0    IONIC2   1.000
 48        z3Po  9   33750.000  4  1       1.710  1.0  1.5  0    IONIC3   1.000
 49        b1D2  5   34234.000  4  0       1.281  0.0  0.5  0   IONIC24   1.000
 50        z5Go 45   34741.000  4  1       1.893  2.0  1.5  0    IONIC2   1.000
 51        z3Go 27   35287.000  4  1       1.911  1.0  1.5  0    IONIC2   1.000
 52         d3F 21   36594.000  4  0       1.372  1.0  0.5  0   IONIC19   1.000
 53        y5Po 15   36623.000  4  1       2.026  2.0  2.5  0    IONIC1   0.707
 54        y5Po 15   36623.000  4  1       1.780  2.0  1.5  0    IONIC3  -0.707
 55        y3Fo 21   36641.000  4  1       1.955  1.0  1.5  0    IONIC2   1.000
 56        y3Do 15   38104.000  4  1       2.007  1.0  1.5  0    IONIC2   1.000
 57        x5Do 25   39568.000  4  1       2.148  2.0  2.5  0    IONIC1   0.707
 58        x5Do 25   39568.000  4  1       1.861  2.0  1.5  0    IONIC3  -0.707
 59        y7Po 21   39859.000  4  1       1.538  3.0  2.5  0   IONIC12   1.000
 60        x5Fo 35   40242.000  4  1       2.179  2.0  2.5  0    IONIC1   0.707
 61        x5Fo 35   40242.000  4  1       1.881  2.0  1.5  0    IONIC3  -0.707
 62        z5So  5   40492.000  4  1       1.582  2.0  1.5  0    IONIC9   1.000
 63          3P  9   40611.000  3  2       2.106  1.0  1.5  0    IONIC2  -0.483
 64          3P  9   40611.000  3  2       1.422  1.0  0.5  0   IONIC19  -0.483
 65          3P  9   40611.000  3  2       1.594  1.0  0.5  0    IONIC8  -0.382
 66          3P  9   40611.000  3  2       1.250  1.0  0.5  0   IONIC25  -0.250
 67          3P  9   40611.000  3  2       1.747  1.0  1.5  0    IONIC4  -0.183
 68          3P  9   40611.000  3  2       1.639  1.0  0.5  0    IONIC6  -0.242
 69        x5Po 15   42348.000  4  1       1.616  2.0  1.5  0    IONIC9   1.000
 70        y5Go 45   42563.000  4  1       1.620  2.0  1.5  0   IONIC10   1.000
 71        z5Ho 55   42780.000  4  1       1.624  2.0  1.5  0   IONIC10   1.000
 72         e7D 35   42824.000  5  0       2.312  3.0  2.5  0    IONIC1   1.000
 73        z5Io 65   42833.000  4  1       1.625  2.0  1.5  0   IONIC10   1.000
 74        w5Do 25   43500.000  4  1       1.639  2.0  1.5  0    IONIC9   1.000
 75        v5Do 25   43909.000  4  1       1.620  2.0  1.5  0   IONIC11   1.000
 76        w5Fo 35   43963.000  4  1       1.621  2.0  1.5  0   IONIC11   1.000
 77        y5So  5   44109.000  4  1       1.839  2.0  1.5  0    IONIC4   1.000
 78         e5D 25   44650.000  5  0       2.423  2.0  2.5  0    IONIC1   1.000
 79        x3Do 15   44904.000  4  1       1.668  1.0  1.5  0    IONIC9   0.707
 80        x3Do 15   44904.000  4  1       1.576  1.0  0.5  0   IONIC14  -0.707
 81        y3Go 27   45005.000  4  1       1.669  1.0  1.5  0   IONIC10   0.707
 82        y3Go 27   45005.000  4  1       1.576  1.0  0.5  0   IONIC15  -0.707
 83        x5Go 45   45366.000  4  1       1.648  2.0  1.5  0   IONIC11   1.000
 84        z3Io 39   45636.000  4  1       1.683  1.0  1.5  0   IONIC10   0.707
 85        z3Io 39   45636.000  4  1       1.587  1.0  0.5  0   IONIC15  -0.707
 86        w5Po 15   45848.000  4  1       1.891  2.0  1.5  0    IONIC4   1.000
 87        z3So  3   46198.000  4  1       1.696  1.0  1.5  0    IONIC9   0.707
 88        z3So  3   46198.000  4  1       1.599  1.0  0.5  0   IONIC14  -0.707
 89        y3Po  9   46376.000  4  1       1.700  1.0  1.5  0    IONIC9   0.707
 90        y3Po  9   46376.000  4  1       1.602  1.0  0.5  0   IONIC14  -0.707
 91        u5Do 25   46431.000  4  1       1.909  2.0  1.5  0    IONIC4   1.000
 92        z3Ho 33   46622.000  4  1       1.704  1.0  1.5  0   IONIC10   0.707
 93        z3Ho 33   46622.000  4  1       1.605  1.0  0.5  0   IONIC15  -0.707
 94        x3Fo 21   46627.000  4  1       1.675  1.0  1.5  0   IONIC11   0.707
 95        x3Fo 21   46627.000  4  1       1.584  1.0  0.5  0   IONIC16  -0.707
 96        w3Do 15   46705.000  4  1       1.918  1.0  1.5  0    IONIC4   1.000
 97         1Do  5   47017.000  4  1       1.615  0.0  0.5  0   IONIC14   1.000
 98        z1Go  9   47050.000  4  1       1.853  0.0  0.5  0    IONIC5   1.000
 99         e5F 35   47100.000  5  0       2.452  2.0  1.5  0    IONIC2   1.000
100        w5Go 45   47123.000  4  1       1.625  2.0  1.5  0   IONIC13   1.000
101        y3So  3   47153.000  4  1       1.932  1.0  1.5  0    IONIC4   1.000
102        x3Go 27   47424.000  4  1       1.692  1.0  1.5  0   IONIC11   0.707
103        x3Go 27   47424.000  4  1       1.598  1.0  0.5  0   IONIC16  -0.707
104        v5Fo 35   47544.000  4  1       1.633  2.0  1.5  0   IONIC13   1.000
105        v5Po 15   47694.000  4  1       1.687  2.0  2.5  0   IONIC12   1.000
106         1Io 13   47695.000  4  1       1.626  0.0  0.5  0   IONIC15   1.000
107        y5Ho 55   47778.000  4  1       1.638  2.0  1.5  0   IONIC13   1.000
108         e3F 21   47979.000  5  0       2.514  1.0  1.5  0    IONIC2   1.000
109        z1Ho 11   47980.000  4  1       1.880  0.0  0.5  0    IONIC5   1.000
110        x3Po  9   47989.000  4  1       1.960  1.0  1.5  0    IONIC4   1.000
111        y1Go  9   48300.000  4  1       1.638  0.0  0.5  0   IONIC15   1.000
112        v3Do 15   48800.000  4  1       1.723  1.0  1.5  0   IONIC11   0.707
113        v3Do 15   48800.000  4  1       1.624  1.0  0.5  0   IONIC16  -0.707
114        w3Fo 21   48828.000  4  1       1.907  1.0  0.5  0    IONIC5   1.000
115        x1Fo  7   49074.000  4  1       1.630  0.0  0.5  0   IONIC16   1.000
116        y3Ho 33   49168.000  4  1       1.918  1.0  0.5  0    IONIC5   1.000
117        v3Go 27   49215.000  4  1       1.919  1.0  0.5  0    IONIC5   1.000
118        n7Do 35   49255.000  5  1       2.791  3.0  2.5  0    IONIC1   1.000
119        w3Po  9   49710.000  4  1       1.859  1.0  0.5  0    IONIC6   1.000
120        n7Fo 49   49771.000  5  1       2.844  3.0  2.5  0    IONIC1   1.000
121        n7Po 21   50101.000  5  1       2.879  3.0  2.5  0    IONIC1   1.000
122        z1Fo  7   50182.000  4  1       1.951  0.0  0.5  0    IONIC5   1.000
123         f5D 25   50184.000  4  2       2.888  2.0  2.5  0    IONIC1   1.000
124         e7P 21   50209.000  4  2       2.891  3.0  2.5  0    IONIC1   1.000
125        x1Go  9   50211.000  4  1       1.653  0.0  0.5  0   IONIC16   1.000
126         f7D 35   50328.000  4  2       2.904  3.0  2.5  0    IONIC1   1.000
127         e5G 45   50458.000  4  2       2.918  2.0  2.5  0    IONIC1   1.000
128         e7F 49   50486.000  4  2       2.922  3.0  2.5  0    IONIC1   1.000
129         e7G 63   50716.000  4  2       2.948  3.0  2.5  0    IONIC1   1.000
130        x3Ho 33   50741.000  4  1       1.701  1.0  1.5  0   IONIC13   0.707
131        x3Ho 33   50741.000  4  1       1.602  1.0  0.5  0   IONIC17  -0.707
132         e5S  5   50746.000  4  2       2.952  2.0  2.5  0    IONIC1   1.000
133        v3Fo 21   50897.000  4  1       1.827  1.0  0.5  0    IONIC8   1.000
134        t5Do 25   50989.000  5  1       2.981  2.0  2.5  0    IONIC1   1.000
135        u5Fo 35   51023.000  5  1       2.985  2.0  2.5  0    IONIC1   1.000
136         f5F 35   51034.000  4  2       2.986  2.0  2.5  0    IONIC1   1.000
137         e7S  7   51167.000  4  2       3.002  3.0  2.5  0    IONIC1   1.000
138        u3Go 27   51186.000  4  1       1.843  1.0  0.5  0    IONIC7   1.000
139         e3D 15   51189.000  5  0       2.339  1.0  1.5  0    IONIC3   1.000
140         1Ho 11   51227.000  4  1       1.700  0.0  0.5  0   IONIC15   1.000
141        y1Do  5   51305.000  4  1       1.907  0.0  0.5  0    IONIC6   1.000
142         g5D 25   51345.000  5  0       2.348  2.0  1.5  0    IONIC3   1.000
143        x1Do  5   51359.000  4  1       1.703  0.0  0.5  0   IONIC15   1.000
144        u5Po 15   51457.000  5  1       3.039  2.0  2.5  0    IONIC1   1.000
145         e5P 15   51548.000  4  2       3.050  2.0  2.5  0    IONIC1   1.000
146        u1Po  3   51778.000  4  1       1.922  0.0  0.5  0    IONIC6   1.000
147        u3Do 15   51784.000  4  1       1.923  1.0  0.5  0    IONIC6   1.000
148        t3Do 15   52096.000  4  1       1.861  1.0  0.5  0    IONIC8   1.000
149        w3Ho 33   52181.000  4  1       1.872  1.0  0.5  0    IONIC7   1.000
150        y3Io 39   52274.000  4  1       1.875  1.0  0.5  0    IONIC7   1.000
151        v3Po  9   52631.000  4  1       1.877  1.0  0.5  0    IONIC8   1.000
152         1Io 13   52691.000  4  1       1.888  0.0  0.5  0    IONIC7   1.000
153        x3Fo 21   52875.000  4  1       1.750  1.0  1.5  0   IONIC13   0.707
154        x3Fo 21   52875.000  4  1       1.644  1.0  0.5  0   IONIC17  -0.707
155        y1Ho 11   52910.000  4  1       1.644  0.0  0.5  0   IONIC17   1.000
156         f5P 15   53047.000  4  2       2.988  2.0  1.5  0    IONIC2   1.000
157         5Fo 35   53110.000  5  1       2.995  2.0  1.5  0    IONIC2   1.000
158         h5D 25   53157.000  4  2       3.001  2.0  1.5  0    IONIC2   1.000
159         g5F 35   53182.000  4  2       3.004  2.0  1.5  0    IONIC2   1.000
160         f5G 15   53202.000  4  2       3.007  2.0  1.5  0    IONIC2   1.000
161         3Go 27   53210.000  5  1       3.008  1.0  1.5  0    IONIC2   1.000
162         5Go 45   53247.000  5  1       3.012  2.0  1.5  0    IONIC2   1.000
163         e5H 55   53323.000  4  2       3.022  2.0  1.5  0    IONIC2   1.000
164        x1Fo  7   53360.000  4  1       1.900  0.0  0.5  0    IONIC8   1.000
165        x3So  3   53405.000  4  1       1.977  1.0  0.5  0    IONIC6   1.000
166         5Fo 35   53452.000  4  1       1.638  2.0  1.5  0   IONIC18   1.000
167         3Fo 21   53573.900  5  1       3.054  1.0  1.5  0    IONIC2   1.000
168         5Do 25   53574.100  5  1       3.054  2.0  1.5  0    IONIC2   1.000
169         f3D 15   53591.000  4  2       3.056  1.0  1.5  0    IONIC2   1.000
170         e3G 27   53611.000  4  2       3.059  1.0  1.5  0    IONIC2   1.000
171         5Do 25   53657.000  4  1       1.642  2.0  1.5  0   IONIC18   1.000
172        t5Po 15   53691.000  4  1       1.643  2.0  1.5  0   IONIC18   1.000
173         e3H 33   53775.000  4  2       3.080  1.0  1.5  0    IONIC2   1.000
174         3Do 15   53797.000  5  1       3.083  1.0  1.5  0    IONIC2   1.000
175         g7D 35   53799.000  6  0       3.391  3.0  2.5  0    IONIC1   1.000
176        t3Go 27   53825.000  4  1       1.774  1.0  1.5  0   IONIC13   0.707
177        t3Go 27   53825.000  4  1       1.663  1.0  0.5  0   IONIC17  -0.707
178        w1Go  9   54408.000  4  1       1.676  0.0  0.5  0   IONIC17   1.000
179       6s.5D 25   54451.000  6  0       3.514  2.0  2.5  0    IONIC1   1.000
180         f3F 21   54593.000  4  2       3.195  1.0  1.5  0    IONIC2   1.000
181         e3P  9   54736.000  4  2       3.217  1.0  1.5  0    IONIC2   1.000
182        v3Ho 33   55087.000  4  1       1.629  1.0  0.5  0   IONIC21   1.000
183        s3Go 27   55279.000  4  1       1.633  1.0  0.5  0   IONIC21   1.000
184        w1Do  5   55351.000  4  1       1.965  0.0  0.5  0    IONIC8   1.000
185         1Ho 11   55504.000  4  1       1.980  0.0  0.5  0    IONIC7   1.000
186         1Fo  7   55695.000  4  1       1.704  0.0  0.5  0   IONIC17   1.000
187       5d.5D 25   55965.000  5  2       3.858  2.0  2.5  0    IONIC1   1.000
188        u3Ho 33   55972.000  4  1       1.659  1.0  2.5  0    IONIC1   1.000
189         7Do 35   56112.000  6  1       3.897  3.0  2.5  0    IONIC1   1.000
190          5G 45   56266.000  5  2       3.939  2.0  2.5  0    IONIC1   1.000
191          7D 35   56270.000  5  2       3.940  3.0  2.5  0    IONIC1   1.000
192         7Fo 49   56276.000  6  1       3.942  3.0  2.5  0    IONIC1   1.000
193        u3Fo 21   56317.000  4  1       1.654  1.0  0.5  0   IONIC21   1.000
194          5S  5   56317.000  5  2       3.953  2.0  2.5  0    IONIC1   1.000
195         7Po 21   56409.000  6  1       3.979  3.0  2.5  0    IONIC1   1.000
196          7P 21   56420.000  5  2       3.983  3.0  2.5  0    IONIC1   1.000
197          5F 35   56436.000  6  0       3.511  2.0  1.5  0    IONIC2   1.000
198          7F 49   56492.000  5  2       4.003  3.0  2.5  0    IONIC1   1.000
199          5F 35   56500.000  5  2       4.006  2.0  2.5  0    IONIC1   1.000
200          7G 63   56596.000  5  2       4.034  3.0  2.5  0    IONIC1   1.000
201         5Do 25   56704.000  6  1       4.067  2.0  2.5  0    IONIC1   1.000
202         5Fo 35   56719.000  6  1       4.072  2.0  2.5  0    IONIC1   1.000
203     Fe+.a6D 30       0.000  0  0       0.000  2.5  2.5  1    IONIC1   0.000
204     Fe+.a4F 28    2000.000  0  0       0.000  1.5  1.5  1    IONIC2   0.000
205     Fe+.a4D 20    7904.000  0  0       0.000  1.5  1.5  1    IONIC3   0.000
206     Fe+.a4P 12   13196.000  0  0       0.000  1.5  1.5  1    IONIC4   0.000
207     Fe+.a2G 18   15662.000  0  0       0.000  0.5  0.5  1    IONIC5   0.000
208     Fe+.a2P  6   18120.000  0  0       0.000  0.5  0.5  1    IONIC6   0.000
209     Fe+.a2H 22   20136.000  0  0       0.000  0.5  0.5  1    IONIC7   0.000
210    Fe+.a2D2 10   20417.000  0  0       0.000  0.5  0.5  1    IONIC8   0.000
211     Fe+.b4P 12   21005.000  0  0       0.000  1.5  1.5  1    IONIC9   0.000
212     Fe+.a4H 44   21043.000  0  0       0.000  1.5  1.5  1   IONIC10   0.000
213     Fe+.b4F 28   22391.000  0  0       0.000  1.5  1.5  1   IONIC11   0.000
214     Fe+.a6S  6   22901.000  0  0       0.000  2.5  2.5  1   IONIC12   0.000
215     Fe+.a4G 36   25334.000  0  0       0.000  1.5  1.5  1   IONIC13   0.000
216     Fe+.b2P  6   25753.000  0  0       0.000  0.5  0.5  1   IONIC14   0.000
217     Fe+.b2H 22   25837.000  0  0       0.000  0.5  0.5  1   IONIC15   0.000
218     Fe+.a2F 14   27030.000  0  0       0.000  0.5  0.5  1   IONIC16   0.000
219     Fe+.b2G 18   30139.000  0  0       0.000  0.5  0.5  1   IONIC17   0.000
220     Fe+.b4D 20   31003.000  0  0       0.000  1.5  1.5  1   IONIC18   0.000
221     Fe+.b2F 14   31503.000  0  0       0.000  0.5  0.5  1   IONIC19   0.000
222     Fe+.a2I 26   32475.000  0  0       0.000  0.5  0.5  1   IONIC20   0.000
223     Fe+.c2G 18   33066.000  0  0       0.000  0.5  0.5  1   IONIC21   0.000
224     Fe+.b2D 10   35786.000  0  0       0.000  0.5  0.5  1   IONIC22   0.000
225     Fe+.a2S  2   36810.000  0  0       0.000  0.5  0.5  1   IONIC23   0.000
226     Fe+.c2D 10   37768.000  0  0       0.000  0.5  0.5  1   IONIC24   0.000
227    Fe+.d2D1 10   47477.000  0  0       0.000  0.5  0.5  1   IONIC25   0.000
