        18     24.3100
  1      3s2.1S  1       0.000  3  0       1.334  0.0  0.5  0    IONIC1   1.000
  2      3p.3Po  9   21870.000  3  1       1.660  1.0  0.5  0    IONIC1   1.000
  3      3p.1Po  3   35051.264  3  1       2.030  0.0  0.5  0    IONIC1   1.000
  4       4s.3S  3   41197.403  4  0       2.315  1.0  0.5  0    IONIC1   1.000
  5       4s.1S  1   43503.333  4  0       2.457  0.0  0.5  0    IONIC1   1.000
  6       3d.1D  5   46403.065  3  2       2.680  0.0  0.5  0    IONIC1   1.000
  7      4p.3Po  9   47844.000  4  1       2.816  1.0  0.5  0    IONIC1   1.000
  8       3d.3D 15   47957.000  3  2       2.828  1.0  0.5  0    IONIC1   1.000
  9      4p.1Po  3   49346.729  4  1       2.983  0.0  0.5  0    IONIC1   1.000
 10       5s.3S  3   51872.526  5  0       3.346  1.0  0.5  0    IONIC1   1.000
 11       5s.1S  1   52556.206  5  0       3.469  0.0  0.5  0    IONIC1   1.000
 12       4d.1D  5   53134.642  4  2       3.584  0.0  0.5  0    IONIC1   1.000
 13       4d.3D 15   54192.300  4  2       3.830  1.0  0.5  0    IONIC1   1.000
 14      5p.3Po  9   54250.000  5  1       3.844  1.0  0.5  0    IONIC1   1.000
 15      4f.3Fo 21   54676.438  4  3       3.960  1.0  0.5  0    IONIC1   1.000
 16      4f.1Fo  7   54676.700  4  3       3.960  0.0  0.5  0    IONIC1   1.000
 17      5p.1Po  3   54706.536  5  1       3.968  0.0  0.5  0    IONIC1   1.000
 18      Mg+.3s  2       0.000  0  0       0.000  0.5  0.5  1    IONIC1   0.000
