        92     54.9380
  1         a6S  6       0.000  4  0       1.352  2.5  3.0  0    IONIC1   0.764
  2         a6S  6       0.000  4  0       1.257  2.5  2.0  0    IONIC2  -0.645
  3         a6D 30   17301.000  4  0       1.384  2.5  2.0  0    IONIC3   1.000
  4        z8Po 24   18572.000  4  1       1.628  3.5  3.0  0    IONIC1   1.000
  5         a4D 20   23509.000  4  0       1.466  1.5  2.0  0    IONIC3   1.000
  6        z6Po 18   24792.000  4  1       1.766  2.5  3.0  0    IONIC1   1.000
  7        z6Po 18   24792.000  4  1       1.766  2.5  2.0  0    IONIC2   1.000
  8         a4G 36   25279.000  4  0       1.327  1.5  2.0  0    IONIC4   0.791
  9         a4G 36   25279.000  4  0       1.271  1.5  1.0  0   IONIC10  -0.612
 10         a4P 12   27230.000  4  0       1.349  1.5  2.0  0    IONIC4   0.791
 11         a4P 12   27230.000  4  0       1.290  1.5  1.0  0   IONIC10  -0.612
 12         b4D 20   30394.000  4  0       1.326  1.5  2.0  0    IONIC9   0.791
 13         b4D 20   30394.000  4  0       1.257  1.5  1.0  0   IONIC17  -0.612
 14        z4Po 12   31047.000  4  1       1.690  1.5  2.0  0    IONIC2   1.000
 15         b4P 12   34208.000  4  0       1.399  1.5  1.0  0    IONIC5   1.000
 16         a4H 44   34268.000  4  0       1.395  1.5  1.0  0    IONIC7   1.000
 17         a4F 28   35038.000  4  0       1.393  1.5  1.0  0    IONIC8   1.000
 18        z6Po 18   35737.000  4  1       2.128  2.5  3.0  0    IONIC1   1.000
 19        z6Po 18   35737.000  4  1       2.128  2.5  2.0  0    IONIC2   1.000
 20         a2I 26   37157.000  4  0       1.309  0.5  1.0  0   IONIC19   0.866
 21         a2I 26   37157.000  4  0       1.278  0.5  0.0  0   IONIC24  -0.500
 22         b4G 36   37610.000  4  0       1.384  1.5  1.0  0   IONIC11   1.000
 23         a2P  6   37841.000  4  0       1.447  0.5  1.0  0    IONIC5   1.000
 24         a2H 22   38059.000  4  0       1.445  0.5  1.0  0    IONIC7   1.000
 25         a2F 14   38783.000  4  0       1.441  0.5  1.0  0    IONIC8   1.000
 26         e8S  8   39431.000  5  0       2.311  3.5  3.0  0    IONIC1   1.000
 27         a2G 18   41120.000  4  0       1.429  0.5  1.0  0   IONIC11   1.000
 28         e6S  6   41403.000  5  0       2.431  2.5  3.0  0    IONIC1   1.000
 29        z6Do 30   41955.000  4  1       1.834  2.5  2.0  0    IONIC3   1.000
 30         b2I 26   43093.000  4  0       1.405  0.5  0.0  0   IONIC15   1.000
 31        z6Fo 42   43470.000  4  1       1.879  2.5  2.0  0    IONIC3   1.000
 32        z4Fo 28   44518.000  4  1       1.911  1.5  2.0  0    IONIC3   1.000
 33        x6Po 18   45106.000  4  1       1.930  2.5  2.0  0    IONIC3   1.000
 34        z4Do 20   45918.000  4  1       1.957  1.5  2.0  0    IONIC3   1.000
 35        y8Po 24   46007.000  5  1       2.804  3.5  3.0  0    IONIC1   1.000
 36         e8D 40   46710.000  4  2       2.877  3.5  3.0  0    IONIC1   1.000
 37        y4Po 12   47052.000  4  1       1.997  1.5  2.0  0    IONIC3   1.000
 38         e6D 40   47212.000  4  2       2.933  3.5  3.0  0    IONIC1   1.000
 39        w6Po 18   47566.000  5  1       2.975  2.5  3.0  0    IONIC1   1.000
 40        y6Do 30   47751.000  4  1       1.614  2.5  2.0  0    IONIC6   1.000
 41        y6Fo 42   48172.000  4  1       1.669  2.5  2.0  0    IONIC4   1.000
 42         f6S  6   49415.000  5  0       2.341  2.5  2.0  0    IONIC2   1.000
 43         e4S  4   49592.000  5  0       2.351  1.5  2.0  0    IONIC2   1.000
 44        v6Po 18   49976.000  4  1       1.658  2.5  2.0  0    IONIC6   1.000
 45        z4Ho 44   50081.000  4  1       1.711  1.5  2.0  0    IONIC4   1.000
 46        z4Ho 44   50081.000  4  1       1.595  1.5  1.0  0   IONIC10   1.000
 47         f8S  8   50158.000  6  0       3.345  3.5  3.0  0    IONIC1   1.000
 48        y4Fo 28   50359.000  4  1       1.718  1.5  2.0  0    IONIC4   1.000
 49        y4Fo 28   50359.000  4  1       1.601  1.5  1.0  0   IONIC10   1.000
 50         g6S  6   50905.000  6  0       3.480  2.5  3.0  0    IONIC1   1.000
 51        x6Fo 42   51044.000  4  1       1.621  2.5  2.0  0    IONIC9   1.000
 52        x4Po 12   51393.000  4  1       1.688  1.5  2.0  0    IONIC6   1.000
 53        x4Po 12   51393.000  4  1       1.563  1.5  1.0  0   IONIC12   1.000
 54        z4Go 36   51543.000  4  1       1.746  1.5  2.0  0    IONIC4   1.000
 55        z4Go 36   51543.000  4  1       1.623  1.5  1.0  0   IONIC10   1.000
 56         e4P 12   51690.000  3  2       1.687  1.5  1.0  0    IONIC5  -0.276
 57         e4P 12   51690.000  3  2       1.335  1.5  1.0  0   IONIC35  -0.258
 58         e4P 12   51690.000  3  2       1.542  1.5  1.0  0   IONIC13  -0.408
 59         e4P 12   51690.000  3  2       2.191  1.5  2.0  0    IONIC3   0.598
 60         e4P 12   51690.000  3  2       1.658  1.5  1.0  0    IONIC8  -0.258
 61         e4P 12   51690.000  3  2       1.330  1.5  1.0  0   IONIC36  -0.516
 62        u6Po 18   52159.000  4  1       1.643  2.5  2.0  0    IONIC9   1.000
 63         8Po 24   52494.000  6  1       3.833  3.5  3.0  0    IONIC1   1.000
 64         f8D 40   52703.000  5  2       3.888  3.5  3.0  0    IONIC1   1.000
 65         f6D 30   52731.000  5  2       3.895  2.5  3.0  0    IONIC1   1.000
 66        x6Do 30   52838.000  4  1       1.657  2.5  2.0  0    IONIC9   1.000
 67        z8Fo 56   52975.000  4  3       3.963  3.5  3.0  0    IONIC1   1.000
 68        w6Fo 42   52978.000  4  3       3.963  2.5  3.0  0    IONIC1   1.000
 69        y4Do 20   53133.000  4  1       1.728  1.5  2.0  0    IONIC6   1.000
 70        y4Do 20   53133.000  4  1       1.594  1.5  1.0  0   IONIC12   1.000
 71        t6Po 18   53282.000  6  1       4.053  2.5  3.0  0    IONIC1   1.000
 72     Mn+.a7S  7       0.000  0  0       0.000  3.0  3.0  1    IONIC1   0.000
 73     Mn+.a5S  5    9473.000  0  0       0.000  2.0  2.0  1    IONIC2   0.000
 74     Mn+.a5D 25   14586.000  0  0       0.000  2.0  2.0  1    IONIC3   0.000
 75     Mn+.a5G 45   27571.000  0  0       0.000  2.0  2.0  1    IONIC4   0.000
 76     Mn+.a3P  9   30269.000  0  0       0.000  1.0  1.0  1    IONIC5   0.000
 77     Mn+.a5P 15   29912.000  0  0       0.000  2.0  2.0  1    IONIC6   0.000
 78     Mn+.a3H 33   30650.000  0  0       0.000  1.0  1.0  1    IONIC7   0.000
 79     Mn+.a3F 21   31623.000  0  0       0.000  1.0  1.0  1    IONIC8   0.000
 80     Mn+.b5D 25   32829.000  0  0       0.000  2.0  2.0  1    IONIC9   0.000
 81     Mn+.a3G 27   33215.000  0  0       0.000  1.0  1.0  1   IONIC10   0.000
 82     Mn+.b3G 27   34875.000  0  0       0.000  1.0  1.0  1   IONIC11   0.000
 83     Mn+.b3P  9   36322.000  0  0       0.000  1.0  1.0  1   IONIC12   0.000
 84     Mn+.a3D 15   37842.000  0  0       0.000  1.0  1.0  1   IONIC13   0.000
 85    Mn+.z7Po 21   38614.000  0  0       0.000  3.0  1.0  1   IONIC12   0.000
 86     Mn+.a1I 13   38720.000  0  0       0.000  0.0  0.0  1   IONIC15   0.000
 87     Mn+.a1G  9   38902.000  0  0       0.000  0.0  0.0  1   IONIC16   0.000
 88     Mn+.b3D 15   39814.000  0  0       0.000  1.0  1.0  1   IONIC17   0.000
 89     Mn+.a3I 39   41191.000  0  0       0.000  1.0  1.0  1   IONIC19   0.000
 90     Mn+.b1I 13   44315.000  0  0       0.000  0.0  0.0  1   IONIC24   0.000
 91     Mn+.c3P  9   53306.000  0  0       0.000  1.0  1.0  1   IONIC35   0.000
 92     Mn+.e3F 21   53772.000  0  0       0.000  1.0  1.0  1   IONIC36   0.000
