        21     15.9994
  1      2p4.3P  9       0.000  2  1       1.000  1.0  1.5  0    IONIC1  -0.577
  2      2p4.3P  9       0.000  2  1       0.896  1.0  0.5  0    IONIC2   0.645
  3      2p4.3P  9       0.000  2  1       0.854  1.0  0.5  0    IONIC3  -0.500
  4      2p4.1D  5   15790.000  2  1       0.953  0.0  0.5  0    IONIC2   0.866
  5      2p4.1D  5   15790.000  2  1       0.903  0.0  0.5  0    IONIC3  -0.500
  6      2p4.1S  1   33715.000  2  1       0.970  0.0  0.5  0    IONIC3   1.000
  7      3s.5So  5   73690.000  3  0       1.744  2.0  1.5  0    IONIC1   1.000
  8      3s.3So  3   76717.000  3  0       1.822  1.0  1.5  0    IONIC1   1.000
  9   2p4.3P_H*  9       0.000  2  1       1.000  1.0  1.5  0    IONIC1  -0.577
 10   2p4.3P_H*  9       0.000  2  1       0.896  1.0  0.5  0    IONIC2   0.645
 11   2p4.3P_H*  9       0.000  2  1       0.854  1.0  0.5  0    IONIC3  -0.500
 12       3p.5P 15   86551.000  3  1       2.174  2.0  1.5  0    IONIC1   1.000
 13       3p.3P  9   88553.000  3  1       2.274  1.0  1.5  0    IONIC1   1.000
 14      4s.5So  5   95399.000  4  0       2.764  2.0  1.5  0    IONIC1   1.000
 15      4s.3So  3   96147.000  4  0       2.839  1.0  1.5  0    IONIC1   1.000
 16      3d.5Do 25   97343.000  3  2       2.972  2.0  1.5  0    IONIC1   1.000
 17      3d.3Do 15   97411.000  3  2       2.980  1.0  1.5  0    IONIC1   1.000
 18       4p.5P 15   99016.000  4  1       3.195  2.0  1.5  0    IONIC1   1.000
 19       4p.3P  9   99603.000  4  1       3.286  1.0  1.5  0    IONIC1   1.000
 20      3s.3Do 15  101065.000  3  0       1.757  1.0  0.5  0    IONIC2   1.000
 21      5s.5So  5  102039.000  5  0       3.769  2.0  1.5  0    IONIC1   1.000
 22      5s.3So  3  102334.000  5  0       3.843  1.0  1.5  0    IONIC1   1.000
 23      3s.1Do  5  102584.000  3  0       1.796  0.0  0.5  0    IONIC2   1.000
 24      O+.4So  4  109759.000  0  0       0.000  1.5  1.5  1    IONIC1   0.000
 25      O+.2Do 10  136577.000  0  0       0.000  0.5  0.5  1    IONIC2   0.000
 26      O+.2Po  6  150228.000  0  0       0.000  0.5  0.5  1    IONIC3   0.000
