        32     28.0855
  1      3p2.3P  9       0.000  3  1       1.292  1.0  0.5  0    IONIC1   1.000
  2      3p2.1D  5    6298.850  3  1       1.358  0.0  0.5  0    IONIC1   1.000
  3      3p2.1S  1   15394.370  3  1       1.476  0.0  0.5  0    IONIC1   1.000
  4     3p3.5So  5   33326.053  3  1       1.207  2.0  1.5  0    IONIC2   1.000
  5    3p4s.3Po  9   39683.000  4  0       2.051  1.0  0.5  0    IONIC1   1.000
  6    3p4s.1Po  3   40991.884  4  0       2.105  0.0  0.5  0    IONIC1   1.000
  7     3p3.3Do 15   45276.000  3  1       1.316  1.0  1.5  0    IONIC2   0.667
  8     3p4p.1P  3   47284.061  4  1       2.437  0.0  0.5  0    IONIC1   1.000
  9    3p3d.1Do  5   47351.554  3  2       2.442  0.0  0.5  0    IONIC1   1.000
 10     3p4p.3D 15   48020.000  4  1       2.487  1.0  0.5  0    IONIC1   1.000
 11     3p4p.3P  9   49028.000  4  1       2.561  1.0  0.5  0    IONIC1   1.000
 12     3p4p.3S  3   49399.670  4  1       2.590  1.0  0.5  0    IONIC1   1.000
 13    3p3d.3Fo 21   49850.000  3  2       2.627  1.0  0.5  0    IONIC1   1.000
 14     3p4p.1D  5   50189.389  4  1       2.655  0.0  0.5  0    IONIC1   1.000
 15    3p3d.3Po  9   50499.000  3  2       2.682  1.0  0.5  0    IONIC1   1.000
 16     3p4p.1S  1   51612.012  4  1       2.785  0.0  0.5  0    IONIC1   1.000
 17    3p3d.1Fo  7   53362.240  3  2       2.976  0.0  0.5  0    IONIC1   1.000
 18    3p3d.1Po  3   53387.334  3  2       2.979  0.0  0.5  0    IONIC1   1.000
 19    3p3d.3Do 15   54185.000  3  2       3.080  1.0  0.5  0    IONIC1   1.000
 20    3p5s.3Po  9   54245.000  5  0       3.088  1.0  0.5  0    IONIC1   1.000
 21    3p5s.1Po  3   54871.031  5  0       3.175  0.0  0.5  0    IONIC1   1.000
 22    3p4d.1Do  5   56503.346  4  2       3.444  0.0  0.5  0    IONIC1   1.000
 23    3p4d.3Po  9   56690.000  4  2       3.480  1.0  0.5  0    IONIC1   1.000
 24     3p5p.1P  3   56780.427  5  1       3.497  0.0  0.5  0    IONIC1   1.000
 25     3p5p.3D 15   56978.000  5  1       3.536  1.0  0.5  0    IONIC1   1.000
 26     3p5p.3P  9   57295.000  5  1       3.602  1.0  0.5  0    IONIC1   1.000
 27    3p4d.3Fo 21   57372.000  4  2       3.619  1.0  0.5  0    IONIC1   1.000
 28     3p5p.3S  3   57541.918  5  1       3.656  1.0  0.5  0    IONIC1   1.000
 29     3p5p.1D  5   57798.072  5  1       3.714  0.0  0.5  0    IONIC1   1.000
 30     3p5p.1S  1   58311.659  5  1       3.840  0.0  0.5  0    IONIC1   1.000
 31    SiII.2Po  6   65747.760  0  0       0.000  0.5  0.5  1    IONIC1   0.000
 32    SiII.4pe 12  108571.760  0  0       0.000  1.5  1.5  1    IONIC2   0.000
