       216     47.8670
  1         a3F 21       0.000  4  0       1.411  1.0  1.5  0    IONIC1   0.816
  2         a3F 21       0.000  4  0       1.356  1.0  0.5  0    IONIC3  -0.577
  3         a5F 35    6498.000  4  0       1.490  2.0  1.5  0    IONIC2   1.000
  4         a1D  5    7032.000  4  0       1.393  0.0  0.5  0    IONIC4   1.000
  5         a3P  9    8325.000  4  0       1.393  1.0  1.5  0    IONIC8   0.816
  6         a3P  9    8325.000  4  0       1.318  1.0  0.5  0   IONIC12  -0.577
  7         b3F 21   11450.000  4  0       1.570  1.0  1.5  0    IONIC2   1.000
  8         a1G  9   11896.000  4  0       1.373  0.0  0.5  0   IONIC11   1.000
  9         a5P 15   13833.000  4  0       1.474  2.0  1.5  0    IONIC6   1.000
 10         a3G 27   14948.000  4  0       1.497  1.0  0.5  0    IONIC5   1.000
 11        z5Go 45   15979.000  4  1       1.675  2.0  1.5  0    IONIC1   1.000
 12        z5Fo 35   16823.000  4  1       1.693  2.0  1.5  0    IONIC1   1.000
 13         a3D 15   17245.000  4  0       1.477  1.0  0.5  0    IONIC9   1.000
 14         b3P  9   17878.000  4  0       1.529  1.0  0.5  0    IONIC7   1.000
 15         a3H 33   17911.000  4  0       1.486  1.0  0.5  0   IONIC10   1.000
 16         b1G  9   18065.000  4  0       1.547  0.0  0.5  0    IONIC5   1.000
 17        z5Do 25   18375.000  4  1       1.729  2.0  1.5  0    IONIC1   1.000
 18         c3P  9   18650.000  4  0       1.550  1.0  1.5  0    IONIC6   1.000
 19        z3Fo 21   19241.000  4  1       1.750  1.0  1.5  0    IONIC1   1.000
 20        z3Fo 21   19241.000  4  1       1.648  1.0  0.5  0    IONIC3   1.000
 21        z3Do 15   19826.000  4  1       1.764  1.0  1.5  0    IONIC1   1.000
 22        z3Do 15   19826.000  4  1       1.660  1.0  0.5  0    IONIC3   1.000
 23         a1P  3   19840.000  4  0       1.562  0.0  0.5  0    IONIC7   1.000
 24         b1D  5   19987.000  4  0       1.518  0.0  0.5  0    IONIC9   1.000
 25         a1H 11   20573.000  4  0       1.528  0.0  0.5  0   IONIC10   1.000
 26        z3Go 27   21397.000  4  1       1.805  1.0  1.5  0    IONIC1   1.000
 27        z3Go 27   21397.000  4  1       1.694  1.0  0.5  0    IONIC3   1.000
 28        z1Do  5   21859.000  4  1       1.704  0.0  0.5  0    IONIC3   1.000
 29        z1Fo  7   22182.000  4  1       1.711  0.0  0.5  0    IONIC3   1.000
 30        z1Go  9   24472.000  4  1       1.766  0.0  0.5  0    IONIC3   1.000
 31        z3So  3   24699.000  4  1       1.653  1.0  1.5  0    IONIC8   1.000
 32        z3So  3   24699.000  4  1       1.532  1.0  0.5  0   IONIC12   1.000
 33          3F 21   24839.000  4  0       1.468  1.0  0.5  0   IONIC13   1.000
 34        z5So  5   24880.000  4  1       1.657  2.0  1.5  0    IONIC8   1.000
 35        y3Fo 21   25045.000  4  1       1.911  1.0  1.5  0    IONIC1   1.000
 36        y3Fo 21   25045.000  4  1       1.781  1.0  0.5  0    IONIC3   1.000
 37        y3Do 15   25288.000  4  1       1.892  1.0  1.5  0    IONIC2   1.000
 38         3Po  9   25295.000  4  1       1.693  1.0  0.5  0    IONIC4   1.000
 39         5Do 25   25575.000  4  1       1.672  2.0  1.5  0    IONIC8   1.000
 40        y5Go 45   26504.000  4  1       1.931  2.0  1.5  0    IONIC2   1.000
 41         3Fo 21   26706.000  4  1       1.725  1.0  0.5  0    IONIC4   1.000
 42         3Do 15   27212.000  4  1       1.737  1.0  0.5  0    IONIC4   1.000
 43          1F  7   27276.000  4  0       1.504  0.0  0.5  0   IONIC13   1.000
 44        y3Go 27   27417.000  4  1       1.991  1.0  1.5  0    IONIC1   1.000
 45        y3Go 27   27417.000  4  1       1.845  1.0  0.5  0    IONIC3   1.000
 46        z5Po 15   27572.000  4  1       1.716  2.0  1.5  0    IONIC8   1.000
 47        y1Do  5   27684.000  4  1       1.748  0.0  0.5  0    IONIC4   1.000
 48        y5Fo 35   28545.000  4  1       2.001  2.0  1.5  0    IONIC2   1.000
 49         a5D 25   28659.000  3  2       2.005  2.0  1.5  0    IONIC2   0.837
 50         a5D 25   28659.000  3  2       1.754  2.0  1.5  0    IONIC6   0.548
 51        w3Do 15   29592.000  4  1       2.075  1.0  1.5  0    IONIC1   1.000
 52        w3Do 15   29592.000  4  1       1.911  1.0  0.5  0    IONIC3   1.000
 53        x5Do 25   29753.000  4  1       2.047  2.0  1.5  0    IONIC2   1.000
 54        x3Go 27   29762.000  4  1       1.649  1.0  0.5  0   IONIC11   1.000
 55        v3Do 15   30974.000  4  1       1.800  1.0  1.5  0    IONIC8   1.000
 56        v3Do 15   30974.000  4  1       1.646  1.0  0.5  0   IONIC12   1.000
 57        w3Go 27   31294.000  4  1       2.110  1.0  1.5  0    IONIC2   1.000
 58        y3Po  9   31543.000  4  1       1.816  1.0  1.5  0    IONIC8   1.000
 59        y3Po  9   31543.000  4  1       1.658  1.0  0.5  0   IONIC12   1.000
 60        z3Ho 33   31708.000  4  1       1.690  1.0  0.5  0   IONIC11   1.000
 61          3D 15   32309.000  4  0       1.414  1.0  0.5  0   IONIC20   1.000
 62        y1Fo  7   32635.000  4  1       1.883  0.0  0.5  0    IONIC4   1.000
 63        x3Po  9   32881.000  4  1       1.868  1.0  1.5  0    IONIC6   1.000
 64        z1Po  3   33438.000  4  1       1.908  0.0  0.5  0    IONIC4   1.000
 65        w3Fo 21   33460.000  4  1       2.209  1.0  1.5  0    IONIC2   1.000
 66        v3Fo 21   33887.000  4  1       1.740  1.0  0.5  0   IONIC11   1.000
 67         3P2  9   34208.000  3  2       1.894  1.0  0.5  0    IONIC7   0.527
 68         3P2  9   34208.000  3  2       1.909  1.0  1.5  0    IONIC6  -0.394
 69         3P2  9   34208.000  3  2       1.814  1.0  0.5  0    IONIC9   0.333
 70         3P2  9   34208.000  3  2       1.625  1.0  0.5  0   IONIC13  -0.527
 71         3P2  9   34208.000  3  2       2.247  1.0  1.5  0    IONIC2   0.422
 72          3D 15   34274.000  4  2       1.924  1.0  0.5  0    IONIC5   1.000
 73        z1Ho 11   34478.000  4  1       1.930  0.0  0.5  0    IONIC5   1.000
 74        y1Po  3   34725.000  4  1       1.728  0.0  0.5  0   IONIC12   1.000
 75        x1Do  5   34813.000  4  1       1.731  0.0  0.5  0   IONIC12   1.000
 76         3F2 21   34969.000  3  2       1.918  1.0  0.5  0    IONIC7  -0.345
 77         3F2 21   34969.000  3  2       1.934  1.0  1.5  0    IONIC6  -0.516
 78         3F2 21   34969.000  3  2       1.835  1.0  0.5  0    IONIC9   0.267
 79         3F2 21   34969.000  3  2       1.640  1.0  0.5  0   IONIC13  -0.323
 80         3F2 21   34969.000  3  2       2.287  1.0  1.5  0    IONIC2  -0.258
 81         3F2 21   34969.000  3  2       1.947  1.0  0.5  0    IONIC5  -0.491
 82         3F2 21   34969.000  3  2       1.834  1.0  0.5  0   IONIC10  -0.362
 83          3H 33   35190.000  3  2       1.644  1.0  0.5  0   IONIC13   0.289
 84          3H 33   35190.000  3  2       2.300  1.0  1.5  0    IONIC2   0.577
 85          3H 33   35190.000  3  2       1.954  1.0  0.5  0    IONIC5  -0.387
 86          3H 33   35190.000  3  2       1.840  1.0  0.5  0   IONIC10   0.658
 87        y3So  3   35217.000  4  1       1.925  1.0  1.5  0    IONIC8   1.000
 88        y3So  3   35217.000  4  1       1.740  1.0  0.5  0   IONIC12   1.000
 89        y3Ho 33   35358.000  4  1       1.960  1.0  0.5  0    IONIC5   1.000
 90        w5Do 25   35432.000  4  1       1.949  2.0  1.5  0    IONIC6   1.000
 91        y1Go  9   35778.000  4  1       1.787  0.0  0.5  0   IONIC11   1.000
 92          3G 27   35920.000  3  2       1.862  1.0  0.5  0    IONIC9   0.345
 93          3G 27   35920.000  3  2       1.659  1.0  0.5  0   IONIC13   0.433
 94          3G 27   35920.000  3  2       2.341  1.0  1.5  0    IONIC2  -0.577
 95          3G 27   35920.000  3  2       1.979  1.0  0.5  0    IONIC5   0.420
 96          3G 27   35920.000  3  2       1.861  1.0  0.5  0   IONIC10   0.428
 97         e5F 35   35959.000  5  0       2.395  2.0  1.5  0    IONIC1   1.000
 98        y5Po 15   36144.000  4  1       1.974  2.0  1.5  0    IONIC6   1.000
 99        w3Po  9   37026.000  4  1       1.895  1.0  0.5  0    IONIC9   1.000
100        y5So  5   37137.000  4  1       2.009  2.0  1.5  0    IONIC6   1.000
101        x1Fo  7   37400.000  4  1       1.606  0.0  0.5  0   IONIC14   1.000
102        v3Go 27   37409.000  4  1       2.034  1.0  0.5  0    IONIC5   1.000
103         e3F 21   37479.000  5  0       2.497  1.0  1.5  0    IONIC1   1.000
104        u3Fo 21   37546.000  4  1       1.912  1.0  0.5  0    IONIC9   1.000
105        u3Do 15   37814.000  4  1       2.015  1.0  1.5  0    IONIC8   1.000
106        u3Do 15   37814.000  4  1       1.806  1.0  0.5  0   IONIC12   1.000
107          3D 15   38255.000  3  2       2.033  1.0  0.5  0    IONIC7  -0.258
108          3D 15   38255.000  3  2       2.052  1.0  1.5  0    IONIC6   0.483
109          3D 15   38255.000  3  2       1.935  1.0  0.5  0    IONIC9   0.535
110          3D 15   38255.000  3  2       1.710  1.0  0.5  0   IONIC13  -0.316
111          3D 15   38255.000  3  2       2.491  1.0  1.5  0    IONIC2  -0.316
112          3D 15   38255.000  3  2       2.068  1.0  0.5  0    IONIC5   0.463
113         1G2  9   38305.000  3  2       1.936  0.0  0.5  0    IONIC9   0.295
114         1G2  9   38305.000  3  2       1.711  0.0  0.5  0   IONIC13   0.618
115         1G2  9   38305.000  3  2       2.070  0.0  0.5  0    IONIC5  -0.709
116         1G2  9   38305.000  3  2       1.936  0.0  0.5  0   IONIC10  -0.167
117        t3Fo 21   38354.000  4  1       2.072  1.0  0.5  0    IONIC5   1.000
118        z3Io 39   38462.000  4  1       1.941  1.0  0.5  0   IONIC10   1.000
119        t3Do 15   38498.000  4  1       2.043  1.0  0.5  0    IONIC7   1.000
120        x1Go  9   38737.000  4  1       2.087  0.0  0.5  0    IONIC5   1.000
121        x1Po  3   38855.000  4  1       1.955  0.0  0.5  0    IONIC9   1.000
122        x3H* 33   38938.000  4  1       1.957  1.0  0.5  0   IONIC10   1.000
123        w1Do  5   39043.000  4  1       1.637  0.0  0.5  0   IONIC14   1.000
124         f5F 35   39058.000  5  0       2.549  2.0  1.5  0    IONIC2   1.000
125         f3F 21   39453.000  5  0       2.580  1.0  1.5  0    IONIC2   1.000
126        s3Do 15   39472.000  4  1       1.976  1.0  0.5  0    IONIC9   1.000
127        w1Fo  7   40080.000  4  1       1.998  0.0  0.5  0    IONIC9   1.000
128        z1I* 39   40097.000  4  1       1.998  1.0  0.5  0   IONIC10   1.000
129        v3Po  9   40206.000  4  1       1.661  1.0  0.5  0   IONIC14   1.000
130        r3Do 15   40506.000  4  1       2.147  1.0  1.5  0    IONIC6   1.000
131        x3So  3   40622.000  4  1       2.131  1.0  0.5  0    IONIC7   1.000
132        y1Ho 11   40817.000  4  1       2.024  0.0  0.5  0   IONIC10   1.000
133         e1F  7   40865.000  5  0       2.418  0.0  0.5  0    IONIC3   1.000
134         3Go 27   41046.000  4  1       2.033  1.0  0.5  0   IONIC10   1.000
135          3F 21   41153.000  5  0       2.436  1.0  0.5  0    IONIC3   1.000
136        s3Fo 21   41278.000  4  1       1.684  1.0  0.5  0   IONIC14   1.000
137        v1Fo  7   41362.000  4  1       2.205  0.0  0.5  0    IONIC5   1.000
138          1D  5   41449.000  4  0       1.549  0.0  0.5  0   IONIC20   1.000
139         e5G 45   41654.000  4  2       2.859  2.0  1.5  0    IONIC1   1.000
140         5Go 45   41695.000  5  1       2.863  2.0  1.5  0    IONIC1   1.000
141        u3Po  9   41715.000  4  1       2.181  1.0  0.5  0    IONIC7   1.000
142         g3F 21   41789.000  4  2       2.874  1.0  1.5  0    IONIC1   1.000
143          3G 27   41804.000  4  2       2.875  1.0  1.5  0    IONIC1   1.000
144         e5H 55   41830.000  4  2       2.878  2.0  1.5  0    IONIC1   1.000
145         e5D 25   41833.000  4  2       2.878  2.0  1.5  0    IONIC1   1.000
146         5Fo 35   41843.000  5  1       2.879  2.0  1.5  0    IONIC1   1.000
147        q3Do 15   42021.000  4  1       1.701  1.0  0.5  0   IONIC14   1.000
148          3P  9   42078.000  4  2       2.905  1.0  1.5  0    IONIC1   1.000
149         5Do 25   42148.000  5  1       2.913  2.0  1.5  0    IONIC1   1.000
150          3H 33   42168.000  4  2       2.915  1.0  1.5  0    IONIC1   1.000
151         e5P 15   42542.000  4  2       2.959  2.0  1.5  0    IONIC1   1.000
152          3D 15   42588.000  4  2       2.964  1.0  1.5  0    IONIC1   1.000
153         1Do  5   42704.000  4  1       2.229  0.0  0.5  0    IONIC7   1.000
154         3F1 21   42760.000  3  2       2.232  1.0  0.5  0    IONIC7   0.138
155         3F1 21   42760.000  3  2       2.257  1.0  1.5  0    IONIC6   0.258
156         3F1 21   42760.000  3  2       1.572  1.0  0.5  0   IONIC20   0.612
157         3F1 21   42760.000  3  2       2.103  1.0  0.5  0    IONIC9   0.134
158         3F1 21   42760.000  3  2       1.823  1.0  0.5  0   IONIC13  -0.129
159         3F1 21   42760.000  3  2       2.886  1.0  1.5  0    IONIC2   0.516
160         3F1 21   42760.000  3  2       2.277  1.0  0.5  0    IONIC5   0.327
161         3F1 21   42760.000  3  2       2.102  1.0  0.5  0   IONIC10   0.362
162         g5F 35   42985.000  4  2       3.012  2.0  1.5  0    IONIC1   1.000
163          1F  7   43189.000  3  2       2.254  0.0  0.5  0    IONIC7   0.463
164          1F  7   43189.000  3  2       2.122  0.0  0.5  0    IONIC9   0.598
165          1F  7   43189.000  3  2       1.835  0.0  0.5  0   IONIC13  -0.433
166          1F  7   43189.000  3  2       2.301  0.0  0.5  0    IONIC5  -0.073
167          1F  7   43189.000  3  2       2.121  0.0  0.5  0   IONIC10  -0.486
168        r3Fo 21   43402.000  5  1       3.066  1.0  1.5  0    IONIC1   1.000
169          5G 45   43530.000  4  2       2.974  2.0  1.5  0    IONIC2   1.000
170        u1Do  5   43577.000  4  1       2.139  0.0  0.5  0    IONIC9   1.000
171         5Go 45   43772.000  5  1       3.003  2.0  1.5  0    IONIC2   1.000
172         f5H 55   43785.000  4  2       3.005  2.0  1.5  0    IONIC2   1.000
173          5F 35   43797.000  4  2       3.006  2.0  1.5  0    IONIC2   1.000
174          5P 15   43834.000  4  2       3.011  2.0  1.5  0    IONIC2   1.000
175        o3Do 15   43908.000  5  1       3.134  1.0  1.5  0    IONIC1   1.000
176        x1Ho 11   43941.000  4  1       2.047  0.0  0.5  0   IONIC11   1.000
177         3Go 27   44057.000  5  1       3.155  1.0  1.5  0    IONIC1   1.000
178         5Fo 35   44127.000  5  1       3.048  2.0  1.5  0    IONIC2   1.000
179         5Do 25   44248.000  5  1       3.064  2.0  1.5  0    IONIC2   1.000
180         3P1  9   44429.000  3  2       2.321  1.0  0.5  0    IONIC7  -0.197
181         3P1  9   44429.000  3  2       2.349  1.0  1.5  0    IONIC6  -0.422
182         3P1  9   44429.000  3  2       1.602  1.0  0.5  0   IONIC20   0.612
183         3P1  9   44429.000  3  2       2.178  1.0  0.5  0    IONIC9   0.312
184         3P1  9   44429.000  3  2       1.871  1.0  0.5  0   IONIC13  -0.394
185         3P1  9   44429.000  3  2       3.088  1.0  1.5  0    IONIC2  -0.394
186        w3So  3   44635.000  4  1       2.362  1.0  1.5  0    IONIC6   1.000
187         3Fo 21   44730.000  5  1       3.129  1.0  1.5  0    IONIC2   1.000
188          3D 15   44876.000  5  0       2.422  1.0  0.5  0    IONIC4   1.000
189        n3Do 15   44888.000  5  1       3.151  1.0  1.5  0    IONIC2   1.000
190         3Go 27   44897.000  5  1       3.153  1.0  1.5  0    IONIC2   1.000
191         3Po  9   44911.000  4  1       2.033  1.0  0.5  0   IONIC12   1.000
192          3G 27   45304.000  4  2       2.767  1.0  0.5  0    IONIC3   1.000
193         f3H 33   45630.000  4  2       2.799  1.0  0.5  0    IONIC3   1.000
194          3F 21   45641.000  4  2       2.800  1.0  0.5  0    IONIC3   1.000
195         h5F 35   45760.000  6  0       3.432  2.0  1.5  0    IONIC1   1.000
196         e1G  9   45845.000  4  2       2.821  0.0  0.5  0    IONIC3   1.000
197        u1Go  9   46035.000  5  1       2.851  0.0  0.5  0    IONIC3   1.000
198         1Po  3   46138.000  4  1       2.426  0.0  0.5  0    IONIC7   1.000
199          1D  5   46390.000  5  0       2.526  0.0  0.5  0    IONIC4   1.000
200         f1F  7   46427.000  4  2       2.882  0.0  0.5  0    IONIC3   1.000
201         3Go 27   46661.000  4  1       1.941  1.0  0.5  0   IONIC13   1.000
202     Ti+.a4F 28       0.000  0  0       0.000  1.5  1.5  1    IONIC1   0.000
203     Ti+.b4F 28     860.000  0  0       0.000  1.5  1.5  1    IONIC2   0.000
204     Ti+.a2F 14    4557.000  0  0       0.000  0.5  0.5  1    IONIC3   0.000
205     Ti+.a2D 10    8506.000  0  0       0.000  0.5  0.5  1    IONIC4   0.000
206     Ti+.a2G 18    8840.000  0  0       0.000  0.5  0.5  1    IONIC5   0.000
207     Ti+.a4P 12    9226.000  0  0       0.000  1.5  1.5  1    IONIC6   0.000
208     Ti+.a2P  6    9709.000  0  0       0.000  0.5  0.5  1    IONIC7   0.000
209     Ti+.b4P 12    9743.000  0  0       0.000  1.5  1.5  1    IONIC8   0.000
210    Ti+.b2D2 10   12481.000  0  0       0.000  0.5  0.5  1    IONIC9   0.000
211     Ti+.a2H 22   12505.000  0  0       0.000  0.5  0.5  1   IONIC10   0.000
212     Ti+.b2G 18   15036.000  0  0       0.000  0.5  0.5  1   IONIC11   0.000
213     Ti+.b2P  6   16364.000  0  0       0.000  0.5  0.5  1   IONIC12   0.000
214     Ti+.b2F 14   20692.000  0  0       0.000  0.5  0.5  1   IONIC13   0.000
215     Ti+.c2D 10   24875.000  0  0       0.000  0.5  0.5  1   IONIC14   0.000
216    Ti+.d2D1 10   32085.000  0  0       0.000  0.5  0.5  1   IONIC20   0.000
