  1        a9So       0.000
  2        a7So    1669.210
  3        a9Do   10549.930
  4        a7Do   17048.650
  5     7_2-1_2   24018.170
  6     7_2-3_2   26733.060
  7         z9D   32964.310
  8         101   33779.950
  9         102   33919.700
 10         103   33944.490
 11         104   34546.100
 12         105   34617.730
 13         106   34923.430
 14         107   35045.980
 15         108   35440.880
 16         109   35567.740
 17         y9P   35690.250
 18         110   35935.810
 19         111   36428.890
 20        z7Do   36786.020
 21         112   36821.200
 22         113   36954.000
 23         114   37000.000
 24         115   37003.230
 25         x9P   37324.180
 26         116   37583.630
 27         117   37605.510
 28         118   37622.870
 29         119   37799.890
 30         120   37932.190
 31         121   37993.640
 32         122   38058.030
 33         123   38295.890
 34         124   38582.080
 35         y7P   38596.740
 36         125   38725.320
 37         126   38784.470
 38         x7P   38855.600
 39         127   38995.520
 40         128   39099.430
 41         129   39601.800
 42         130   39767.550
 43         131   40316.920
 44         132   40870.720
 45         133   41099.110
 46         134   41223.240
 47         135   41438.130
 48         136   41666.810
 49         137   41714.840
 50         138   42391.030
 51         139   42710.140
 52         140   42939.450
 53         141   43461.070
 54         142   43643.120
 55         y9D   44577.840
 56         143   44947.150
 57         144   46032.030
 58         145   46584.450
 59         146   48171.510
 60         147   48180.680
 61         148   48378.030
 62         149   48522.280
 63         150   48536.610
 64         151   48872.850
 65         152   48910.950
 66         153   49003.100
 67         154   49043.000
 68        e9So   49128.030
 69         155   49254.680
 70         156   49480.460
 71        e7So   49646.620
 72         157   49720.890
 73         158   50947.460
 74        e7Fo   53271.560
 75          1o   53783.010
 76        e7Do   54435.850
 77        e9Do   54438.000
 78          2o   54600.070
 79          3o   55156.180
 80          4o   55193.080
 81          5o   55559.020
 82         159   55693.940
 83         160   55807.250
 84        z7Fo   55986.500
 85          6o   56158.660
 86         161   56229.170
 87        f7Do   56295.110
 88          7o   56421.620
 89          8o   56781.200
 90          9o   57127.260
 91         10o   57270.140
 92         11o   57360.050
 93         162   57363.680
 94         163   57388.870
 95         164   57415.060
 96         165   57634.020
 97         166   58920.640
 98         12o   59045.490
 99         167   59145.260
100         168   59334.700
101         169   59343.450
102         13o   59765.770
103         170   59995.340
104        f9So   66598.000
105        f7So   66836.160
106    Eu++.8So       0.000
107     Eu++.8D   38888.000
108     Eu++.8P   41100.000
