       9           9
     1000.     2000.     3000.     4000.     5000.     6000.     7000.     8000.     9000.
2s 2p
 3.836e-19 2.649e-14 1.211e-12 8.541e-12 2.818e-11 6.336e-11 1.142e-10 1.792e-10 2.562e-10
2s 3s
 1.169e-28 5.481e-20 4.774e-17 1.490e-15 1.210e-14 4.974e-14 1.381e-13 2.993e-13 5.495e-13
2s 3p
 8.814e-31 5.968e-21 1.264e-17 6.155e-16 6.541e-15 3.222e-14 1.019e-13 2.437e-13 4.830e-13
2s 3d
 3.512e-31 3.076e-21 7.094e-18 3.607e-16 3.935e-15 1.974e-14 6.327e-14 1.529e-13 3.058e-13
2s 4s
 2.763e-33 1.765e-22 6.640e-19 3.980e-17 4.595e-16 2.337e-15 7.462e-15 1.783e-14 3.514e-14
2s 4p
 4.967e-35 1.804e-23 1.436e-19 1.357e-17 2.148e-16 1.383e-15 5.301e-15 1.466e-14 3.254e-14
2s 4d
 4.686e-35 1.901e-23 1.571e-19 1.511e-17 2.419e-16 1.569e-15 6.048e-15 1.679e-14 3.741e-14
2p 3s
 1.907e-20 2.063e-16 5.205e-15 2.808e-14 8.110e-14 1.709e-13 3.003e-13 4.703e-13 6.814e-13
2p 3p
 8.608e-23 1.330e-17 8.103e-16 6.757e-15 2.519e-14 6.256e-14 1.230e-13 2.088e-13 3.211e-13
2p 3d
 3.483e-22 3.727e-17 1.781e-15 1.265e-14 4.231e-14 9.735e-14 1.812e-13 2.953e-13 4.404e-13
2p 4s
 5.009e-26 7.653e-20 8.727e-18 9.464e-17 4.041e-16 1.087e-15 2.249e-15 3.954e-15 6.237e-15
2p 4p
 2.112e-27 1.732e-20 3.943e-18 6.338e-17 3.491e-16 1.120e-15 2.632e-15 5.088e-15 8.630e-15
2p 4d
 1.796e-26 8.657e-20 1.439e-17 1.874e-16 8.897e-16 2.560e-15 5.545e-15 1.007e-14 1.626e-14
3s 3p
 7.638e-12 1.578e-10 4.525e-10 7.778e-10 1.082e-09 1.348e-09 1.576e-09 1.770e-09 1.935e-09
3s 3d
 3.023e-12 8.330e-11 2.692e-10 5.003e-10 7.391e-10 9.685e-10 1.181e-09 1.375e-09 1.549e-09
3s 4s
 1.022e-15 2.336e-13 1.445e-12 3.680e-12 6.587e-12 9.882e-12 1.339e-11 1.700e-11 2.065e-11
3s 4p
 5.397e-17 6.463e-14 7.469e-13 2.628e-12 5.711e-12 9.738e-12 1.444e-11 1.961e-11 2.508e-11
3s 4d
 2.173e-16 1.552e-13 1.392e-12 4.252e-12 8.482e-12 1.368e-11 1.955e-11 2.587e-11 3.250e-11
3p 3d
 7.025e-08 9.496e-08 1.119e-07 1.264e-07 1.389e-07 1.496e-07 1.588e-07 1.667e-07 1.734e-07
3p 4s
 2.474e-14 7.899e-13 3.005e-12 6.519e-12 1.109e-11 1.651e-11 2.261e-11 2.922e-11 3.622e-11
3p 4p
 2.410e-15 2.126e-13 1.118e-12 2.846e-12 5.357e-12 8.594e-12 1.251e-11 1.704e-11 2.214e-11
3p 4d
 2.193e-15 2.160e-13 1.180e-12 3.062e-12 5.841e-12 9.467e-12 1.389e-11 1.907e-11 2.495e-11
3d 4s
 8.107e-16 2.660e-14 1.248e-13 3.357e-13 6.930e-13 1.223e-12 1.942e-12 2.863e-12 3.988e-12
3d 4p
 5.480e-17 4.446e-15 2.661e-14 7.999e-14 1.774e-13 3.313e-13 5.531e-13 8.532e-13 1.241e-12
3d 4d
 7.061e-17 6.278e-15 3.825e-14 1.152e-13 2.551e-13 4.752e-13 7.916e-13 1.219e-12 1.769e-12
4s 4p
 1.158e-10 3.835e-10 5.618e-10 6.852e-10 7.872e-10 8.816e-10 9.729e-10 1.062e-09 1.148e-09
4s 4d
 1.091e-10 4.194e-10 6.491e-10 8.057e-10 9.247e-10 1.027e-09 1.123e-09 1.218e-09 1.311e-09
4p 4d
 4.710e-08 6.117e-08 6.798e-08 7.221e-08 7.508e-08 7.710e-08 7.854e-08 7.959e-08 8.034e-08
