       108    151.9640         2
  1        a9So  9       0.000  6  0       1.100  4.0  3.5  0    IONIC1   1.000
  2        a7So  7    1669.210  6  0       1.110  3.0  3.5  0    IONIC1   1.000
  3        a9Do 45   10549.930  5  2       1.170  4.0  3.5  0    IONIC1   1.000
  4        a7Do 35   17048.650  5  2       1.221  3.0  3.5  0    IONIC1   1.000
  5     7_2-1_2 27   24018.170  6  1       1.283  4.0  3.5  0    IONIC1   1.000
  6     7_2-3_2 21   26733.060  6  1       1.310  3.0  3.5  0    IONIC1   1.000
  7         z9D 45   32964.310  6  0       1.066  4.0  3.5  0    IONIC5   1.000
  8         101  9   33779.950  6  0       1.389  4.0  3.5  0    IONIC1   1.000
  9         102  7   33919.700  6  0       1.390  3.0  3.5  0    IONIC1   1.000
 10         103  5   33944.490  6  0       1.391  2.0  3.5  0    IONIC1   1.000
 11         104  7   34546.100  6  0       1.398  3.0  3.5  0    IONIC1   1.000
 12         105  9   34617.730  6  0       1.399  4.0  3.5  0    IONIC1   1.000
 13         106  7   34923.430  6  0       1.403  3.0  3.5  0    IONIC1   1.000
 14         107  9   35045.980  6  0       1.404  4.0  3.5  0    IONIC1   1.000
 15         108  7   35440.880  6  0       1.409  3.0  3.5  0    IONIC1   1.000
 16         109  7   35567.740  6  0       1.411  3.0  3.5  0    IONIC1   1.000
 17         y9P 27   35690.250  6  0       1.068  4.0  3.5  0    IONIC8   1.000
 18         110  9   35935.810  6  0       1.416  4.0  3.5  0    IONIC1   1.000
 19         111  9   36428.890  6  0       1.422  4.0  3.5  0    IONIC1   1.000
 20        z7Do 35   36786.020  5  2       1.427  3.0  3.5  0    IONIC1   1.000
 21         112  7   36821.200  6  0       1.427  3.0  3.5  0    IONIC1   1.000
 22         113  9   36954.000  6  0       1.429  4.0  3.5  0    IONIC1   1.000
 23         114 11   37000.000  6  0       1.430  5.0  3.5  0    IONIC1   1.000
 24         115  5   37003.230  6  0       1.430  2.0  3.5  0    IONIC1   1.000
 25         x9P 27   37324.180  5  2       1.091  4.0  3.5  0    IONIC5   1.000
 26         116 13   37583.630  6  0       1.438  6.0  3.5  0    IONIC1   1.000
 27         117  7   37605.510  6  0       1.438  3.0  3.5  0    IONIC1   1.000
 28         118  7   37622.870  6  0       1.438  3.0  3.5  0    IONIC1   1.000
 29         119  5   37799.890  6  0       1.440  2.0  3.5  0    IONIC1   1.000
 30         120 11   37932.190  6  0       1.442  5.0  3.5  0    IONIC1   1.000
 31         121  9   37993.640  6  0       1.443  4.0  3.5  0    IONIC1   1.000
 32         122  9   38058.030  6  0       1.444  4.0  3.5  0    IONIC1   1.000
 33         123  7   38295.890  6  0       1.447  3.0  3.5  0    IONIC1   1.000
 34         124  3   38582.080  6  0       1.451  1.0  3.5  0    IONIC1   1.000
 35         y7P 21   38596.740  5  2       1.098  3.0  3.5  0    IONIC5   1.000
 36         125 15   38725.320  6  0       1.453  7.0  3.5  0    IONIC1   1.000
 37         126 11   38784.470  6  0       1.454  5.0  3.5  0    IONIC1   1.000
 38         x7P 21   38855.600  5  2       1.100  3.0  3.5  0    IONIC5   1.000
 39         127  9   38995.520  6  0       1.457  4.0  3.5  0    IONIC1   1.000
 40         128  5   39099.430  6  0       1.458  2.0  3.5  0    IONIC1   1.000
 41         129 13   39601.800  6  0       1.466  6.0  3.5  0    IONIC1   1.000
 42         130  7   39767.550  6  0       1.468  3.0  3.5  0    IONIC1   1.000
 43         131 13   40316.920  6  0       1.476  6.0  3.5  0    IONIC1   1.000
 44         132  9   40870.720  6  0       1.484  4.0  3.5  0    IONIC1   1.000
 45         133 13   41099.110  6  0       1.488  6.0  3.5  0    IONIC1   1.000
 46         134 11   41223.240  6  0       1.489  5.0  3.5  0    IONIC1   1.000
 47         135  9   41438.130  6  0       1.493  4.0  3.5  0    IONIC1   1.000
 48         136  9   41666.810  6  0       1.496  4.0  3.5  0    IONIC1   1.000
 49         137  9   41714.840  6  0       1.497  4.0  3.5  0    IONIC1   1.000
 50         138  5   42391.030  6  0       1.507  2.0  3.5  0    IONIC1   1.000
 51         139  9   42710.140  6  0       1.512  4.0  3.5  0    IONIC1   1.000
 52         140  7   42939.450  6  0       1.516  3.0  3.5  0    IONIC1   1.000
 53         141  9   43461.070  6  0       1.524  4.0  3.5  0    IONIC1   1.000
 54         142 11   43643.120  6  0       1.527  5.0  3.5  0    IONIC1   1.000
 55         y9D 45   44577.840  6  0       1.136  4.0  3.5  0    IONIC5   1.000
 56         143 11   44947.150  6  0       1.549  5.0  3.5  0    IONIC1   1.000
 57         144  9   46032.030  6  0       1.568  4.0  3.5  0    IONIC1   1.000
 58         145  9   46584.450  6  0       1.577  4.0  3.5  0    IONIC1   1.000
 59         146  5   48171.510  6  0       1.607  2.0  3.5  0    IONIC1   1.000
 60         147  3   48180.680  6  0       1.607  1.0  3.5  0    IONIC1   1.000
 61         148 11   48378.030  6  0       1.611  5.0  3.5  0    IONIC1   1.000
 62         149  5   48522.280  6  0       1.613  2.0  3.5  0    IONIC1   1.000
 63         150  7   48536.610  6  0       1.614  3.0  3.5  0    IONIC1   1.000
 64         151  9   48872.850  6  0       1.620  4.0  3.5  0    IONIC1   1.000
 65         152  7   48910.950  6  0       1.621  3.0  3.5  0    IONIC1   1.000
 66         153  9   49003.100  6  0       1.623  4.0  3.5  0    IONIC1   1.000
 67         154  5   49043.000  6  0       1.623  2.0  3.5  0    IONIC1   1.000
 68        e9So  9   49128.030  7  0       1.625  4.0  3.5  0    IONIC1   1.000
 69         155  5   49254.680  6  0       1.628  2.0  3.5  0    IONIC1   1.000
 70         156  7   49480.460  6  0       1.632  3.0  3.5  0    IONIC1   1.000
 71        e7So  7   49646.620  7  0       1.635  3.0  3.5  0    IONIC1   1.000
 72         157  5   49720.890  6  0       1.637  2.0  3.5  0    IONIC1   1.000
 73         158  3   50947.460  6  0       1.662  1.0  3.5  0    IONIC1   1.000
 74        e7Fo 49   53271.560  6  1       1.199  3.0  3.5  0    IONIC5   1.000
 75          1o  9   53783.010  6  0       1.725  4.0  3.5  0    IONIC1   1.000
 76        e7Do 35   54435.850  6  2       1.740  3.0  3.5  0    IONIC1   1.000
 77        e9Do 45   54438.000  6  2       1.740  4.0  3.5  0    IONIC1   1.000
 78          2o  7   54600.070  6  0       1.744  3.0  3.5  0    IONIC1   1.000
 79          3o  7   55156.180  6  0       1.758  3.0  3.5  0    IONIC1   1.000
 80          4o  7   55193.080  6  0       1.759  3.0  3.5  0    IONIC1   1.000
 81          5o  7   55559.020  6  0       1.768  3.0  3.5  0    IONIC1   1.000
 82         159  5   55693.940  6  0       1.771  2.0  3.5  0    IONIC1   1.000
 83         160  5   55807.250  6  0       1.774  2.0  3.5  0    IONIC1   1.000
 84        z7Fo 49   55986.500  6  1       1.221  3.0  3.5  0    IONIC5   1.000
 85          6o  7   56158.660  6  0       1.783  3.0  3.5  0    IONIC1   1.000
 86         161  7   56229.170  6  0       1.785  3.0  3.5  0    IONIC1   1.000
 87        f7Do 35   56295.110  6  2       1.786  3.0  3.5  0    IONIC1   1.000
 88          7o  5   56421.620  6  0       1.790  2.0  3.5  0    IONIC1   1.000
 89          8o 11   56781.200  6  0       1.799  5.0  3.5  0    IONIC1   1.000
 90          9o  7   57127.260  6  0       1.809  3.0  3.5  0    IONIC1   1.000
 91         10o  9   57270.140  6  0       1.812  4.0  3.5  0    IONIC1   1.000
 92         11o  7   57360.050  6  0       1.815  3.0  3.5  0    IONIC1   1.000
 93         162  3   57363.680  6  0       1.815  1.0  3.5  0    IONIC1   1.000
 94         163  7   57388.870  6  0       1.816  3.0  3.5  0    IONIC1   1.000
 95         164  5   57415.060  6  0       1.816  2.0  3.5  0    IONIC1   1.000
 96         165  7   57634.020  6  0       1.822  3.0  3.5  0    IONIC1   1.000
 97         166  5   58920.640  6  0       1.859  2.0  3.5  0    IONIC1   1.000
 98         12o  7   59045.490  6  0       1.863  3.0  3.5  0    IONIC1   1.000
 99         167  3   59145.260  6  0       1.866  1.0  3.5  0    IONIC1   1.000
100         168  5   59334.700  6  0       1.871  2.0  3.5  0    IONIC1   1.000
101         169  9   59343.450  6  0       1.871  4.0  3.5  0    IONIC1   1.000
102         13o  7   59765.770  6  0       1.884  3.0  3.5  0    IONIC1   1.000
103         170  7   59995.340  6  0       1.891  3.0  3.5  0    IONIC1   1.000
104        f9So  9   66598.000  8  0       2.135  4.0  3.5  0    IONIC1   1.000
105        f7So  7   66836.160  8  0       2.146  3.0  3.5  0    IONIC1   1.000
106    Eu++.8So  8       0.000  0  0       0.000  3.5  3.5  1    IONIC1   0.000
107     Eu++.8D 40   38888.000  0  0       0.000  3.5  3.5  1    IONIC5   0.000
108     Eu++.8P 24   41100.000  0  0       0.000  3.5  3.5  1    IONIC8   0.000
