       9           9
     1000.     2000.     3000.     4000.     5000.     6000.     7000.     8000.     9000.
3s 3p
    2.8524170e-21    8.5782993e-16    6.4278873e-14    5.8208619e-13    2.2325748e-12    5.5451617e-12    1.0723656e-11    1.7720456e-11    2.6356365e-11
3s 4s
    3.1913796e-27    2.6187307e-19    1.0800752e-16    2.1574101e-15    1.2944085e-14    4.2730087e-14    1.0046724e-13    1.9130381e-13    3.1671621e-13
3s 3d
    8.7310499e-30    1.6791721e-20    2.3392935e-17    9.2419344e-16    8.6597285e-15    3.9224999e-14    1.1682394e-13    2.6717199e-13    5.1178284e-13
3s 4p
    6.4804281e-31    2.7339143e-21    4.9454791e-18    2.2261685e-16    2.2557060e-15    1.0762316e-14    3.3253256e-14    7.8138340e-14    1.5279068e-13
3s 5s
    9.0241844e-34    3.1312675e-23    1.1416009e-19    7.2970856e-18    9.1345795e-17    5.0227753e-16    1.7186433e-15    4.3613206e-15    9.0554029e-15
3s 4d
    1.6866984e-32    7.7278802e-22    2.6037572e-18    1.4779723e-16    1.6521858e-15    8.2300784e-15    2.5890239e-14    6.1192876e-14    1.1963609e-13
3s 4f
    5.2479415e-34    4.9352611e-23    2.5069489e-19    1.8918540e-17    2.6184862e-16    1.5411174e-15    5.5411938e-15    1.4607123e-14    3.1264069e-14
3p 4s
    1.3803218e-17    6.9763538e-15    6.0039649e-14    1.8967399e-13    4.0163487e-13    6.9435409e-13    1.0655032e-12    1.5130252e-12    2.0350304e-12
3p 3d
    7.0197781e-20    7.1374061e-16    1.7636007e-14    9.4165355e-14    2.7038950e-13    5.6774336e-13    9.9513746e-13    1.5559096e-12    2.2514289e-12
3p 4p
    3.2217123e-21    7.1547771e-17    2.2873613e-15    1.3843669e-14    4.2699805e-14    9.3737375e-14    1.6916263e-13    2.6976833e-13    3.9575529e-13
3p 5s
    2.5850364e-24    4.6818990e-19    3.0041999e-17    2.5683677e-16    9.7078792e-16    2.4308596e-15    4.8027939e-15    8.1752307e-15    1.2590566e-14
3p 4d
    2.6912446e-24    1.2795676e-18    1.1315951e-16    1.1354611e-15    4.7217985e-15    1.2590305e-14    2.5996759e-14    4.5707818e-14    7.2150710e-14
3p 4f
    1.7870865e-24    8.7443117e-19    7.8101865e-17    7.8804035e-16    3.2898865e-15    8.7998066e-15    1.8219619e-14    3.2113465e-14    5.0809633e-14
4s 3d
    2.8370526e-11    3.2041724e-10    7.5761141e-10    1.1975855e-09    1.5968234e-09    1.9468935e-09    2.2513838e-09    2.5174076e-09    2.7523390e-09
4s 4p
    4.2919445e-13    1.6145454e-11    5.7018888e-11    1.0962602e-10    1.6423925e-10    2.1644352e-10    2.6455303e-10    3.0815377e-10    3.4740710e-10
4s 5s
    1.9559292e-16    6.3170892e-14    4.6539078e-13    1.3031686e-12    2.4673127e-12    3.8337494e-12    5.3134458e-12    6.8485947e-12    8.4020974e-12
4s 4d
    1.6877312e-16    1.4563440e-13    1.5067528e-12    5.0200246e-12    1.0572627e-11    1.7670702e-11    2.5849726e-11    3.4761587e-11    4.4161008e-11
4s 4f
    9.2361126e-17    8.2382622e-14    8.6789296e-13    2.9350980e-12    6.2666939e-12    1.0609944e-11    1.5713044e-11    2.1380742e-11    2.7470863e-11
3d 4p
    8.8186385e-11    4.4409088e-10    9.6169567e-10    1.5523322e-09    2.1645994e-09    2.7701075e-09    3.3537443e-09    3.9080137e-09    4.4297785e-09
3d 5s
    1.3264035e-16    5.1989612e-15    2.5542613e-14    7.0197476e-14    1.4701655e-13    2.6245932e-13    4.2147843e-13    6.2761335e-13    8.8317298e-13
3d 4d
    7.6201622e-17    6.9196931e-15    4.2276969e-14    1.2722400e-13    2.8105872e-13    5.2218639e-13    8.6761233e-13    1.3325350e-12    1.9301830e-12
3d 4f
    1.0158771e-16    9.4776394e-15    5.8375416e-14    1.7630469e-13    3.9025976e-13    7.2597777e-13    1.2072468e-12    1.8553399e-12    2.6887872e-12
4p 5s
    1.8689575e-13    2.6358161e-12    7.5503472e-12    1.3929677e-11    2.1108242e-11    2.8667151e-11    3.6338204e-11    4.3948585e-11    5.1387380e-11
4p 4d
    1.1063256e-13    2.7844994e-12    9.8603532e-12    2.0933988e-11    3.5503420e-11    5.3096781e-11    7.3256602e-11    9.5549360e-11    1.1957785e-10
4p 4f
    3.5575659e-14    1.3678346e-12    5.6367870e-12    1.2905273e-11    2.2931056e-11    3.5455307e-11    5.0214012e-11    6.6942639e-11    8.5384652e-11
5s 4d
    4.5104069e-10    1.1114214e-09    1.5805813e-09    1.9441844e-09    2.2338219e-09    2.4686390e-09    2.6637312e-09    2.8308083e-09    2.9784825e-09
5s 4f
    3.3661349e-10    8.8224987e-10    1.2915978e-09    1.6318648e-09    1.9246266e-09    2.1786808e-09    2.4011016e-09    2.5984530e-09    2.7765059e-09
4d 4f
    6.0110234e-07    5.1868579e-07    4.6163605e-07    4.2025557e-07    3.8848039e-07    3.6307795e-07    3.4215723e-07    3.2452690e-07    3.0939678e-07
